STATIONS_ID;MESS_DATUM;QN_3;  FX;  FM;QN_4; RSK;RSKF; SDK;SHK_TAG;  NM; VPM;  PM; TMK; UPM; TXK; TNK; TGK;eor
         44;20200328;-999;-999;-999;    3;   0.0;   0;   10.783;   0;  -999;   6.2;    -999;    6.4;   65.38;   12.2;    1.0;   -2.8;eor
         44;20200329;-999;-999;-999;    3;   0.2;   4;    3.267;   0;  -999;   4.5;    -999;    2.9;   59.88;    6.6;   -4.3;   -7.1;eor
         44;20200330;-999;-999;-999;    3;   4.4;   4;    2.283;   0;  -999;   5.8;    -999;    2.2;   78.83;    7.7;   -4.9;   -7.5;eor
         44;20200331;-999;-999;-999;    3;   0.0;   0;   11.233;   0;  -999;   4.6;    -999;    2.4;   64.54;    9.0;   -3.3;   -6.0;eor
         44;20200401;-999;-999;-999;    3;   0.0;   0;    1.333;   0;  -999;   5.9;    -999;    3.7;   72.33;    8.6;   -3.5;   -5.3;eor
         44;20200402;-999;-999;-999;    3;   1.4;   4;    3.433;   0;  -999;   6.9;    -999;    7.2;   69.00;   10.7;    3.8;    1.8;eor
         44;20200403;-999;-999;-999;    3;   0.0;   0;    3.017;   0;  -999;   6.3;    -999;    6.1;   68.04;    9.1;    0.7;   -2.7;eor
         44;20200404;-999;-999;-999;    3;   0.0;   0;    9.000;   0;  -999;   6.3;    -999;    7.1;   65.13;   14.2;   -0.1;   -3.1;eor
         44;20200405;-999;-999;-999;    3;   0.0;   0;   12.133;   0;  -999;   6.4;    -999;   11.1;   50.96;   19.1;    2.5;   -2.0;eor
         44;20200406;-999;-999;-999;    3;   0.0;   0;   12.250;   0;  -999;   7.5;    -999;   14.5;   48.38;   24.1;    5.0;   -0.5;eor
         44;20200407;-999;-999;-999;    3;   0.0;   0;   10.550;   0;  -999;   9.3;    -999;   12.7;   65.96;   18.7;    7.0;    3.4;eor
         44;20200408;-999;-999;-999;    3;   0.0;   0;   10.233;   0;  -999;   9.3;    -999;   14.7;   56.21;   24.0;    7.2;    4.3;eor
         44;20200409;-999;-999;-999;    3;   0.0;   0;   11.067;   0;  -999;   8.5;    -999;   10.6;   69.83;   19.3;    3.4;   -0.5;eor
         44;20200410;-999;-999;-999;    3;   0.0;   0;   12.450;   0;  -999;   6.8;    -999;    7.1;   71.38;   14.7;    1.4;   -4.0;eor
         44;20200411;-999;-999;-999;    3;   0.0;   0;   12.300;   0;  -999;   6.8;    -999;    9.7;   62.58;   19.2;   -0.1;   -3.1;eor
         44;20200412;-999;-999;-999;    3;   0.0;   0;    8.383;   0;  -999;   8.3;    -999;   13.7;   56.08;   23.5;    2.6;   -1.1;eor
         44;20200413;-999;-999;-999;    3;   0.2;   4;    4.983;   0;  -999;   5.7;    -999;    6.9;   57.79;   10.8;    3.1;    1.5;eor
         44;20200414;-999;-999;-999;    3;   0.0;   0;    4.067;   0;  -999;   5.9;    -999;    5.6;   65.75;   10.9;    1.1;   -1.9;eor
         44;20200415;-999;-999;-999;    3;   0.0;   0;   12.100;   0;  -999;   6.6;    -999;    9.0;   60.88;   17.8;    1.8;   -1.1;eor
         44;20200416;-999;-999;-999;    3;   0.0;   0;   12.750;   0;  -999;   7.7;    -999;    9.4;   67.83;   18.0;    0.6;   -2.0;eor
         44;20200417;-999;-999;-999;    3;   0.0;   0;   12.433;   0;  -999;   7.3;    -999;    8.1;   70.71;   15.2;    1.1;   -2.5;eor
         44;20200418;-999;-999;-999;    3;   0.0;   0;   12.717;   0;  -999;   6.8;    -999;   11.4;   55.13;   19.9;    2.8;   -1.1;eor
         44;20200419;-999;-999;-999;    3;   0.0;   0;   13.233;   0;  -999;   4.8;    -999;   10.1;   40.79;   16.7;    3.7;    0.9;eor
         44;20200420;-999;-999;-999;    3;   0.0;   0;   13.333;   0;  -999;   5.5;    -999;   10.9;   43.17;   17.4;    2.6;   -0.4;eor
         44;20200421;-999;-999;-999;    3;   0.0;   0;   13.367;   0;  -999;   6.1;    -999;   12.5;   42.96;   18.7;    6.1;    3.7;eor
         44;20200422;-999;-999;-999;    3;   0.0;   0;   13.400;   0;  -999;   6.6;    -999;   13.8;   44.08;   20.6;    6.5;    3.7;eor
         44;20200423;-999;-999;-999;    3;   0.0;   0;   12.417;   0;  -999;   7.5;    -999;   14.0;   50.50;   22.0;    4.9;   -0.6;eor
         44;20200424;-999;-999;-999;    3;   0.0;   0;   10.583;   0;  -999;   8.1;    -999;   12.0;   60.79;   19.2;    7.4;    5.1;eor
         44;20200425;-999;-999;-999;    3;   0.0;   0;    6.117;   0;  -999;   8.0;    -999;   10.4;   65.33;   16.9;    3.7;    1.0;eor
         44;20200426;-999;-999;-999;    3;   0.0;   0;    8.750;   0;  -999;   7.5;    -999;    8.5;   70.54;   16.3;    0.8;   -1.9;eor
         44;20200427;-999;-999;-999;    3;   0.0;   0;   12.217;   0;  -999;   7.6;    -999;   12.9;   57.50;   21.3;    1.2;   -1.7;eor
         44;20200428;-999;-999;-999;    3;   1.9;   4;    4.250;   0;  -999;   9.5;    -999;   11.4;   72.38;   16.8;    7.9;    5.1;eor
         44;20200429;-999;-999;-999;    3;   8.1;   4;    1.750;   0;  -999;  11.4;    -999;   10.7;   88.96;   15.8;    7.8;    5.7;eor
         44;20200430;-999;-999;-999;    3;   0.2;   4;    4.467;   0;  -999;  10.2;    -999;   12.2;   73.42;   16.5;    9.3;    7.4;eor
         44;20200501;-999;-999;-999;    3;   3.6;   4;    2.767;-999;  -999;   9.5;    -999;    9.7;   79.63;   13.9;    7.1;    5.7;eor
         44;20200502;-999;-999;-999;    3;   0.3;   4;    3.650;-999;  -999;   9.6;    -999;    9.6;   81.50;   13.4;    6.9;    3.6;eor
         44;20200503;-999;-999;-999;    3;   0.0;   0;    2.383;-999;  -999;   9.7;    -999;   10.4;   78.00;   15.5;    6.7;    5.0;eor
         44;20200504;-999;-999;-999;    3;   0.0;   0;    8.183;-999;  -999;   8.2;    -999;    9.6;   69.75;   15.3;    4.2;    0.9;eor
         44;20200505;-999;-999;-999;    3;   0.0;   0;   10.867;-999;  -999;   6.5;    -999;    8.3;   62.71;   14.5;    1.3;   -1.0;eor
         44;20200506;-999;-999;-999;    3;   0.0;   0;   14.133;-999;  -999;   7.0;    -999;    9.5;   63.63;   17.6;    0.8;   -1.7;eor
         44;20200507;-999;-999;-999;    3;   0.0;   0;   11.333;-999;  -999;   8.1;    -999;   10.9;   67.33;   19.8;    2.1;   -0.2;eor
         44;20200508;-999;-999;-999;    3;   0.0;   0;   11.933;-999;  -999;   8.4;    -999;   13.1;   59.96;   21.5;    3.1;   -0.3;eor
         44;20200509;-999;-999;-999;    3;   0.0;   0;   13.350;-999;  -999;   9.7;    -999;   16.4;   56.58;   24.6;    7.7;    3.8;eor
         44;20200510;-999;-999;-999;    3;   0.9;   4;    8.283;-999;  -999;   9.7;    -999;   13.6;   65.08;   24.5;    6.4;    3.2;eor
         44;20200511;-999;-999;-999;    3;   0.0;   0;    9.100;-999;  -999;   6.1;    -999;    8.1;   58.21;   12.9;    2.9;    0.6;eor
         44;20200512;-999;-999;-999;    3;   1.0;   4;    4.800;-999;  -999;   7.1;    -999;    6.5;   73.83;   11.1;    1.9;   -0.9;eor
         44;20200513;-999;-999;-999;    3;   0.0;   0;    4.350;-999;  -999;   7.3;    -999;    7.3;   72.71;   10.9;    2.7;   -0.2;eor
         44;20200514;-999;-999;-999;    3;   0.0;   0;    6.900;-999;  -999;   6.1;    -999;    7.3;   62.92;   14.0;    0.8;   -2.8;eor
         44;20200515;-999;-999;-999;    3;   0.0;   0;    6.233;-999;  -999;   6.8;    -999;    7.9;   66.13;   14.1;   -0.7;   -3.5;eor
         44;20200516;-999;-999;-999;    3;   0.0;   0;    5.067;-999;  -999;   8.3;    -999;   11.0;   65.75;   17.7;    4.3;    0.9;eor
         44;20200517;-999;-999;-999;    3;   0.0;   0;    7.850;-999;  -999;   8.6;    -999;   12.3;   63.71;   18.3;    4.9;    2.4;eor
         44;20200518;-999;-999;-999;    3;   0.0;   0;    6.283;-999;  -999;  10.3;    -999;   15.2;   61.25;   22.4;    7.1;    4.1;eor
         44;20200519;-999;-999;-999;    3;   0.0;   0;    1.567;-999;  -999;  12.1;    -999;   14.9;   72.25;   21.0;   10.8;    9.6;eor
         44;20200520;-999;-999;-999;    3;   0.5;   4;    2.033;-999;  -999;  12.6;    -999;   14.6;   76.96;   18.8;    9.3;    5.4;eor
         44;20200521;-999;-999;-999;    3;   0.0;   0;   14.067;-999;  -999;  11.5;    -999;   17.5;   61.75;   25.3;    7.5;    4.1;eor
         44;20200522;-999;-999;-999;    3;   3.7;   4;    1.850;-999;  -999;  14.7;    -999;   16.9;   75.67;   21.1;   12.8;   10.0;eor
         44;20200523;-999;-999;-999;    3;   1.5;   4;    6.483;-999;  -999;   9.5;    -999;   14.4;   58.71;   19.4;   10.1;    7.8;eor
         44;20200524;-999;-999;-999;    3;   4.7;   4;    3.733;-999;  -999;  11.9;    -999;   12.6;   81.42;   16.4;    9.8;    9.0;eor
         44;20200525;-999;-999;-999;    3;   0.0;   0;    8.350;-999;  -999;  11.0;    -999;   13.1;   73.08;   17.4;    9.3;    8.3;eor
         44;20200526;-999;-999;-999;    3;   0.0;   0;    8.533;-999;  -999;  10.4;    -999;   14.0;   68.21;   21.7;    8.4;    6.0;eor
         44;20200527;-999;-999;-999;    3;   0.0;   0;    9.533;-999;  -999;  11.1;    -999;   14.7;   68.46;   22.2;    7.0;    4.4;eor
         44;20200528;-999;-999;-999;    3;   0.0;   0;   15.100;-999;  -999;   9.1;    -999;   12.7;   65.29;   19.0;    6.7;    3.8;eor
         44;20200529;-999;-999;-999;    3;   0.0;   0;   14.883;-999;  -999;   9.2;    -999;   14.3;   61.54;   22.4;    5.6;    2.2;eor
         44;20200530;-999;-999;-999;    3;   0.0;   0;   10.750;-999;  -999;   9.0;    -999;   16.1;   53.00;   23.1;    7.4;    3.3;eor
         44;20200531;-999;-999;-999;    3;   0.0;   0;   12.533;-999;  -999;   9.1;    -999;   16.3;   51.00;   22.6;    8.7;    4.7;eor
         44;20200601;-999;-999;-999;    3;   0.0;   0;   13.933;-999;  -999;   9.6;    -999;   18.0;   47.92;   25.4;    8.7;    3.3;eor
         44;20200602;-999;-999;-999;    3;   0.0;   0;   13.750;-999;  -999;  11.1;    -999;   19.7;   50.79;   26.9;   11.2;    6.0;eor
         44;20200603;-999;-999;-999;    3;   1.0;   4;    9.117;-999;  -999;  12.5;    -999;   20.4;   55.29;   28.0;   13.9;    9.7;eor
         44;20200604;-999;-999;-999;    3;   8.8;   4;    0.783;-999;  -999;  14.0;    -999;   12.9;   93.67;   15.9;    9.8;    9.3;eor
         44;20200605;-999;-999;-999;    3;   2.5;   4;    5.900;-999;  -999;  10.4;    -999;   10.4;   82.83;   15.0;    7.3;    5.9;eor
         44;20200606;-999;-999;-999;    3;   0.8;   4;    8.500;-999;  -999;   9.1;    -999;   11.8;   66.71;   16.2;    6.5;    4.7;eor
         44;20200607;-999;-999;-999;    3;   2.6;   4;    5.917;-999;  -999;  10.5;    -999;   12.5;   72.21;   16.8;    8.8;    4.1;eor
         44;20200608;-999;-999;-999;    3;   5.4;   4;    2.383;-999;  -999;  12.5;    -999;   13.4;   81.75;   17.9;    8.2;    5.2;eor
         44;20200609;-999;-999;-999;    3;   0.2;   4;    1.650;-999;  -999;  11.1;    -999;   12.7;   75.96;   17.9;    9.9;    8.4;eor
         44;20200610;-999;-999;-999;    3;   0.6;   4;    4.133;-999;  -999;  13.1;    -999;   15.0;   76.42;   20.1;   10.5;    9.9;eor
         44;20200611;-999;-999;-999;    3;   2.0;   4;    0.000;-999;  -999;  15.8;    -999;   15.1;   92.00;   16.7;   13.2;   12.8;eor
         44;20200612;-999;-999;-999;    3;   0.0;   4;    7.767;-999;  -999;  17.7;    -999;   19.3;   80.21;   24.7;   15.3;   14.5;eor
         44;20200613;-999;-999;-999;    3;  -999;-999;    6.717;-999;  -999;  20.3;    -999;   21.7;   79.25;   29.4;   15.8;   15.0;eor
         44;20200614;-999;-999;-999;    3;  11.5;   4;    0.367;-999;  -999;  -999;    -999;   18.5;-999;   21.3;   15.7;   15.8;eor
         44;20200615;-999;-999;-999;    3;   0.1;   4;    0.033;-999;  -999;  17.9;    -999;   16.9;   92.71;   19.3;   15.1;   13.4;eor
         44;20200616;-999;-999;-999;    3;   0.0;   0;    5.950;-999;  -999;  18.0;    -999;   19.3;   81.58;   24.7;   15.0;   13.3;eor
         44;20200617;-999;-999;-999;    3;   0.0;   0;   11.783;-999;  -999;  16.9;    -999;   20.2;   73.33;   26.9;   14.2;   13.3;eor
         44;20200618;-999;-999;-999;    3;   2.6;   4;    0.000;-999;  -999;  17.8;    -999;   17.2;   90.83;   19.4;   15.7;   14.2;eor
         44;20200619;-999;-999;-999;    3;   6.7;   4;    8.750;-999;  -999;  16.7;    -999;   18.2;   81.88;   24.7;   14.1;   13.3;eor
         44;20200620;-999;-999;-999;    3;   0.0;   0;    7.767;-999;  -999;  15.3;    -999;   16.8;   81.08;   22.9;   10.4;    8.2;eor
         44;20200621;-999;-999;-999;    3;   0.0;   0;   11.867;-999;  -999;  14.7;    -999;   18.4;   72.04;   25.3;    9.0;    6.5;eor
         44;20200622;-999;-999;-999;    3;   0.0;   0;   10.950;-999;  -999;  14.4;    -999;   18.1;   71.92;   24.2;   11.2;    8.1;eor
         44;20200623;-999;-999;-999;    3;   0.0;   0;   15.517;-999;  -999;  13.7;    -999;   18.7;   67.33;   26.3;    9.4;    6.7;eor
         44;20200624;-999;-999;-999;    3;   0.0;   0;   15.467;-999;  -999;  13.2;    -999;   20.8;   57.46;   27.3;   12.1;    8.7;eor
         44;20200625;-999;-999;-999;    3;   0.0;   0;   11.917;-999;  -999;  17.3;    -999;   22.5;   65.25;   28.4;   15.3;   11.5;eor
         44;20200626;-999;-999;-999;    3;   0.0;   0;   14.983;-999;  -999;  16.3;    -999;   22.7;   61.54;   29.4;   14.9;   10.7;eor
         44;20200627;-999;-999;-999;    3;   3.1;   4;    6.350;-999;  -999;  19.8;    -999;   20.8;   81.29;   28.2;   14.5;   12.2;eor
         44;20200628;-999;-999;-999;    3;   0.0;   4;    4.117;-999;  -999;  15.0;    -999;   17.7;   74.96;   21.9;   10.4;    7.5;eor
         44;20200629;-999;-999;-999;    3;   0.0;   0;    8.850;-999;  -999;  11.1;    -999;   16.5;   60.83;   21.3;   10.2;    7.0;eor
         44;20200630;-999;-999;-999;    3;   4.2;   4;    0.233;-999;  -999;  13.2;    -999;   15.2;   76.46;   18.4;   13.5;   12.9;eor
         44;20200701;-999;-999;-999;    3;   3.3;   4;    1.767;-999;  -999;  16.8;    -999;   16.5;   89.33;   20.7;   12.3;    9.5;eor
         44;20200702;-999;-999;-999;    3;   2.2;   4;    2.483;-999;  -999;  15.6;    -999;   16.0;   85.92;   22.4;   12.0;    9.3;eor
         44;20200703;-999;-999;-999;    3;   0.6;   4;    4.200;-999;  -999;  14.8;    -999;   16.0;   82.42;   20.7;   10.3;    7.9;eor
         44;20200704;-999;-999;-999;    3;   1.5;   4;    0.000;-999;  -999;  16.3;    -999;   16.7;   85.00;   19.6;   14.0;   13.1;eor
         44;20200705;-999;-999;-999;    3;   3.8;   4;    2.500;-999;  -999;  17.2;    -999;   18.4;   81.88;   22.5;   13.1;   10.3;eor
         44;20200706;-999;-999;-999;    3;   4.4;   4;    7.783;-999;  -999;  12.8;    -999;   14.3;   79.04;   17.7;   10.6;    9.3;eor
         44;20200707;-999;-999;-999;    3;   0.5;   4;    4.750;-999;  -999;  11.8;    -999;   13.4;   76.38;   18.4;    9.0;    7.3;eor
         44;20200708;-999;-999;-999;    3;   3.5;   4;    0.183;-999;  -999;  -999;    -999;   13.7;-999;   16.1;   11.0;   10.6;eor
         44;20200709;-999;-999;-999;    3;  26.8;   4;    0.000;-999;  -999;  15.4;    -999;   13.7;   98.29;   15.3;   12.2;   12.3;eor
         44;20200710;-999;-999;-999;    3;   3.3;   4;    2.267;-999;  -999;  14.3;    -999;   13.5;   91.75;   16.3;    8.7;    6.8;eor
         44;20200711;-999;-999;-999;    3;   0.3;   4;    6.900;-999;  -999;  12.2;    -999;   13.4;   80.58;   18.5;    8.2;    5.9;eor
         44;20200712;-999;-999;-999;    3;   0.0;   4;   10.533;-999;  -999;  12.2;    -999;   14.5;   76.67;   21.8;    7.6;    5.5;eor
         44;20200713;-999;-999;-999;    3;   0.0;   0;   12.317;-999;  -999;  13.2;    -999;   16.2;   74.33;   23.7;    7.3;    5.2;eor
         44;20200714;-999;-999;-999;    3;   6.9;   4;    0.000;-999;  -999;  14.9;    -999;   14.2;   91.88;   17.8;    9.5;    7.8;eor
         44;20200715;-999;-999;-999;    3;   0.0;   0;    5.100;-999;  -999;  14.2;    -999;   15.3;   83.21;   20.1;   10.2;    8.1;eor
         44;20200716;-999;-999;-999;    3;   0.0;   4;    2.333;-999;  -999;  13.9;    -999;   15.3;   81.33;   20.7;    9.4;    7.4;eor
         44;20200717;-999;-999;-999;    3;   0.0;   0;    8.200;-999;  -999;  14.8;    -999;   16.9;   78.00;   24.0;    8.6;    6.2;eor
         44;20200718;-999;-999;-999;    3;   0.1;   4;    8.717;-999;  -999;  16.6;    -999;   18.5;   79.54;   25.7;   10.6;    8.5;eor
         44;20200719;-999;-999;-999;    3;   0.6;   4;    5.083;-999;  -999;  17.2;    -999;   19.9;   75.92;   25.5;   14.6;   12.4;eor
         44;20200720;-999;-999;-999;    3;   0.0;   0;    6.100;-999;  -999;  14.1;    -999;   16.5;   76.29;   21.2;    8.1;    5.5;eor
         44;20200721;-999;-999;-999;    3;   0.0;   0;    6.800;-999;  -999;  11.8;    -999;   14.4;   74.29;   21.0;    6.6;    4.5;eor
         44;20200722;-999;-999;-999;    3;   0.0;   0;    5.400;-999;  -999;  11.9;    -999;   14.7;   73.50;   21.3;    8.4;    5.5;eor
         44;20200723;-999;-999;-999;    3;   0.0;   0;    5.250;-999;  -999;  13.6;    -999;   17.0;   72.88;   24.0;   10.7;    9.3;eor
         44;20200724;-999;-999;-999;    3;   0.6;   4;    1.750;-999;  -999;  16.5;    -999;   17.8;   81.13;   22.3;   13.7;   11.3;eor
         44;20200725;-999;-999;-999;    3;  10.3;   4;    2.517;-999;  -999;  17.9;    -999;   17.8;   87.88;   22.0;   13.5;   11.2;eor
         44;20200726;-999;-999;-999;    3;   0.0;   4;    8.417;-999;  -999;  16.5;    -999;   18.4;   79.46;   23.1;   11.8;    9.9;eor
         44;20200727;-999;-999;-999;    3;   0.5;   4;    1.467;-999;  -999;  15.7;    -999;   16.9;   81.92;   21.1;   10.0;    8.3;eor
         44;20200728;-999;-999;-999;    3;   1.6;   4;    6.250;-999;  -999;  14.3;    -999;   17.8;   70.71;   21.3;   13.4;   11.5;eor
         44;20200729;-999;-999;-999;    3;   0.0;   4;    3.300;-999;  -999;  12.2;    -999;   15.4;   70.21;   19.2;    9.1;    6.5;eor
         44;20200730;-999;-999;-999;    3;   0.0;   0;   13.300;-999;  -999;  12.4;    -999;   15.7;   71.79;   23.6;    6.6;    4.0;eor
         44;20200731;-999;-999;-999;    3;   0.0;   0;   14.400;-999;  -999;  15.8;    -999;   20.1;   70.00;   28.4;   10.0;    8.6;eor
         44;20200801;-999;-999;-999;    3;   0.0;   0;    2.500;-999;  -999;  19.5;    -999;   21.4;   76.46;   27.3;   14.3;   12.2;eor
         44;20200802;-999;-999;-999;    3;   0.0;   0;    9.033;-999;  -999;  15.7;    -999;   17.6;   78.58;   24.6;    9.1;    6.6;eor
         44;20200803;-999;-999;-999;    3;   0.0;   0;    7.100;-999;  -999;  13.0;    -999;   14.3;   81.04;   22.2;    7.3;    5.2;eor
         44;20200804;-999;-999;-999;    3;   0.0;   0;    8.883;-999;  -999;  13.1;    -999;   15.2;   78.00;   22.0;    8.4;    6.0;eor
         44;20200805;-999;-999;-999;    3;   0.0;   0;   13.133;-999;  -999;  13.5;    -999;   19.9;   61.63;   28.5;   12.5;    9.3;eor
         44;20200806;-999;-999;-999;    3;   0.0;   0;   14.033;-999;  -999;  14.8;    -999;   22.1;   61.17;   32.2;   11.8;    9.5;eor
         44;20200807;-999;-999;-999;    3;   0.0;   0;   14.017;-999;  -999;  15.5;    -999;   23.2;   61.88;   33.7;   12.5;   10.2;eor
         44;20200808;-999;-999;-999;    3;   0.0;   0;   13.350;-999;  -999;  19.1;    -999;   25.1;   63.96;   35.0;   15.3;   13.1;eor
         44;20200809;-999;-999;-999;    3;   0.0;   0;    5.717;-999;  -999;  19.3;    -999;   24.2;   66.42;   31.3;   18.0;   15.9;eor
         44;20200810;-999;-999;-999;    3;   0.0;   0;   13.400;-999;  -999;  18.7;    -999;   24.7;   63.75;   33.5;   16.2;   14.0;eor
         44;20200811;-999;-999;-999;    3;   0.0;   0;   11.367;-999;  -999;  19.1;    -999;   25.1;   61.46;   31.8;   18.2;   15.7;eor
         44;20200812;-999;-999;-999;    3;   0.0;   0;   10.817;-999;  -999;  17.9;    -999;   25.6;   56.75;   32.9;   19.1;   16.6;eor
         44;20200813;-999;-999;-999;    3;   0.0;   0;    9.700;-999;  -999;  17.8;    -999;   25.0;   56.42;   32.0;   17.3;   14.4;eor
         44;20200814;-999;-999;-999;    3;   3.8;   4;    1.417;-999;  -999;  22.2;    -999;   22.1;   83.96;   29.1;   19.0;   18.2;eor
         44;20200815;-999;-999;-999;    3;   0.0;   4;    5.200;-999;  -999;  22.2;    -999;   22.2;   84.00;   29.2;   17.9;   16.6;eor
         44;20200816;-999;-999;-999;    3;   5.8;   4;    9.433;-999;  -999;  21.1;    -999;   22.9;   77.54;   30.2;   17.4;   16.0;eor
         44;20200817;-999;-999;-999;    3;   8.0;   4;    1.683;-999;  -999;  21.3;    -999;   19.9;   92.17;   25.1;   15.4;   13.7;eor
         44;20200818;-999;-999;-999;    3;   0.0;   0;    9.683;-999;  -999;  17.3;    -999;   19.0;   80.38;   25.8;   13.4;   11.7;eor
         44;20200819;-999;-999;-999;    3;   0.0;   0;   11.450;-999;  -999;  16.7;    -999;   19.8;   74.54;   27.2;   12.3;   10.4;eor
         44;20200820;-999;-999;-999;    3;   2.0;   4;    3.150;-999;  -999;  20.7;    -999;   22.6;   75.58;   28.6;   18.1;   17.1;eor
         44;20200821;-999;-999;-999;    3;   1.7;   4;    3.033;-999;  -999;  22.6;    -999;   22.8;   82.38;   29.5;   16.9;   15.2;eor
         44;20200822;-999;-999;-999;    3;   6.4;   4;    4.483;-999;  -999;  17.3;    -999;   19.1;   80.29;   25.5;   15.8;   14.5;eor
         44;20200823;-999;-999;-999;    3;   4.4;   4;    4.183;-999;  -999;  15.7;    -999;   16.5;   83.83;   21.1;   13.0;   11.2;eor
         44;20200824;-999;-999;-999;    3;   1.4;   4;    1.500;-999;  -999;  15.4;    -999;   15.3;   88.17;   19.3;   12.4;   10.4;eor
         44;20200825;-999;-999;-999;    3;   7.1;   4;    4.000;-999;  -999;  15.3;    -999;   15.1;   89.25;   19.7;    9.1;    7.1;eor
         44;20200826;-999;-999;-999;    3;   7.9;   4;    0.050;-999;  -999;  16.6;    -999;   16.0;   91.25;   18.2;   14.4;   13.2;eor
         44;20200827;-999;-999;-999;    3;   0.3;   4;    5.333;-999;  -999;  14.3;    -999;   15.4;   82.67;   19.2;   12.3;   11.2;eor
         44;20200828;-999;-999;-999;    3;   2.6;   4;    4.700;-999;  -999;  14.9;    -999;   16.2;   81.04;   21.5;   11.7;    9.5;eor
         44;20200829;-999;-999;-999;    3;   0.0;   4;    6.083;-999;  -999;  14.0;    -999;   15.2;   82.75;   21.0;   10.2;    7.9;eor
         44;20200830;-999;-999;-999;    3;   0.0;   0;    9.200;-999;  -999;  13.8;    -999;   15.5;   80.21;   23.8;    7.9;    6.1;eor
         44;20200831;-999;-999;-999;    3;   0.0;   0;    5.417;-999;  -999;  13.0;    -999;   15.6;   74.54;   20.8;   11.6;    9.3;eor
         44;20200901;-999;-999;-999;    3;   0.0;   0;   10.433;-999;  -999;  11.8;    -999;   14.5;   74.83;   21.7;    7.3;    5.1;eor
         44;20200902;-999;-999;-999;    3;   0.0;   0;    8.533;-999;  -999;  12.0;    -999;   13.5;   80.00;   22.3;    5.6;    3.4;eor
         44;20200903;-999;-999;-999;    3;  19.9;   4;    0.000;-999;  -999;  14.4;    -999;   13.1;   94.50;   16.4;    7.9;    6.1;eor
         44;20200904;-999;-999;-999;    3;   0.5;   4;    3.817;-999;  -999;  16.4;    -999;   17.1;   84.63;   22.4;   14.1;   13.1;eor
         44;20200905;-999;-999;-999;    3;   1.1;   4;    2.767;-999;  -999;  13.5;    -999;   14.5;   82.21;   18.5;   11.0;    9.1;eor
         44;20200906;-999;-999;-999;    3;   0.3;   4;    4.733;-999;  -999;  12.8;    -999;   13.4;   83.13;   18.1;   10.2;    8.7;eor
         44;20200907;-999;-999;-999;    3;   0.0;   0;    4.000;-999;  -999;  13.4;    -999;   14.0;   84.96;   19.4;   10.3;    8.3;eor
         44;20200908;-999;-999;-999;    3;   0.0;   0;    0.250;-999;  -999;  16.4;    -999;   16.0;   89.25;   18.2;   12.6;   10.2;eor
         44;20200909;-999;-999;-999;    3;   2.4;   4;    0.017;-999;  -999;  18.1;    -999;   17.0;   92.58;   20.2;   11.6;    9.3;eor
         44;20200910;-999;-999;-999;    3;   0.0;   4;    4.133;-999;  -999;  12.6;    -999;   13.5;   82.63;   18.6;    9.0;    6.6;eor
         44;20200911;-999;-999;-999;    3;   0.0;   4;    5.550;-999;  -999;  12.7;    -999;   13.6;   83.54;   20.4;    8.7;    6.4;eor
         44;20200912;-999;-999;-999;    3;   0.3;   4;    3.867;-999;  -999;  13.1;    -999;   13.2;   86.96;   18.9;    7.5;    5.3;eor
         44;20200913;-999;-999;-999;    3;   0.0;   0;    8.167;-999;  -999;  14.6;    -999;   15.8;   82.83;   23.7;    9.7;    7.2;eor
         44;20200914;-999;-999;-999;    3;   0.0;   0;   11.300;-999;  -999;  16.3;    -999;   18.4;   80.04;   29.2;    9.1;    7.0;eor
         44;20200915;-999;-999;-999;    3;   0.0;   0;   10.800;-999;  -999;  18.3;    -999;   20.7;   78.42;   30.5;   13.2;   10.4;eor
         44;20200916;-999;-999;-999;    3;   0.0;   0;-999;-999;  -999;  16.1;    -999;   16.7;   85.21;   23.3;    8.9;    5.7;eor
         44;20200917;-999;-999;-999;    3;   0.0;   0;-999;-999;  -999;   9.7;    -999;   11.3;   75.42;   18.4;    5.1;    1.6;eor
         44;20200918;-999;-999;-999;    3;   0.0;   0;-999;-999;  -999;   9.0;    -999;   11.2;   71.38;   20.0;    3.0;   -0.1;eor
         44;20200919;-999;-999;-999;    3;   0.0;   0;-999;-999;  -999;   9.0;    -999;   12.8;   65.08;   22.9;    3.9;    1.0;eor
         44;20200920;-999;-999;-999;    3;   0.0;   0;-999;-999;  -999;  10.2;    -999;   12.4;   74.13;   22.9;    3.4;    0.0;eor
         44;20200921;-999;-999;-999;    3;   0.0;   0;-999;-999;  -999;  11.4;    -999;   13.5;   77.17;   25.1;    4.5;    1.3;eor
         44;20200922;-999;-999;-999;    3;   0.0;   0;-999;-999;  -999;  12.1;    -999;   14.4;   78.04;   25.0;    6.1;    3.6;eor
         44;20200923;-999;-999;-999;    3;   1.8;   4;-999;-999;  -999;  13.2;    -999;   15.7;   75.92;   24.2;    7.2;    4.4;eor
         44;20200924;-999;-999;-999;    3;   0.6;   4;-999;-999;  -999;  12.1;    -999;   14.7;   72.96;   19.6;    9.4;    7.9;eor
         44;20200925;-999;-999;-999;    3;   0.1;   4;-999;-999;  -999;  10.4;    -999;   11.5;   77.67;   16.0;    6.1;    2.9;eor
         44;20200926;-999;-999;-999;    3;   9.6;   4;-999;-999;  -999;  10.8;    -999;   10.2;   86.71;   15.5;    3.5;    1.2;eor
         44;20200927;-999;-999;-999;    3;   0.4;   4;-999;-999;  -999;  12.4;    -999;   11.8;   89.25;   15.2;    9.7;    9.5;eor
         44;20200928;-999;-999;-999;    3;   0.4;   4;    0.000;-999;  -999;  12.8;    -999;   11.9;   91.54;   13.8;   10.7;    8.8;eor
         44;20200929;-999;-999;-999;    3;   0.8;   4;    0.000;-999;  -999;  12.8;    -999;   11.5;   93.38;   14.5;    6.9;    4.5;eor
         44;20200930;-999;-999;-999;    3;   0.0;   0;    3.100;-999;  -999;  15.1;    -999;   14.8;   90.33;   18.9;   12.1;   11.3;eor
         44;20201001;-999;-999;-999;    3;   1.9;   4;    2.450;   0;  -999;  13.8;    -999;   14.2;   85.67;   18.3;    9.9;    7.3;eor
         44;20201002;-999;-999;-999;    3;   0.0;   4;    6.850;   0;  -999;  12.9;    -999;   13.1;   85.58;   17.9;    7.4;    4.5;eor
         44;20201003;-999;-999;-999;    3;   7.2;   4;    0.000;   0;  -999;  14.1;    -999;   14.0;   87.71;   17.4;    9.2;    7.9;eor
         44;20201004;-999;-999;-999;    3;   0.2;   4;    3.683;   0;  -999;  10.6;    -999;   11.5;   78.17;   15.4;    8.3;    6.9;eor
         44;20201005;-999;-999;-999;    3;   1.9;   4;    1.967;   0;  -999;  10.7;    -999;   11.6;   78.17;   14.9;    8.7;    6.4;eor
         44;20201006;-999;-999;-999;    3;   4.6;   4;    0.733;   0;  -999;  12.8;    -999;   12.1;   90.42;   15.2;    9.5;    7.6;eor
         44;20201007;-999;-999;-999;    3;   3.3;   4;    2.133;   0;  -999;  12.7;    -999;   11.9;   91.58;   15.7;   10.0;    8.5;eor
         44;20201008;-999;-999;-999;    3;  14.4;   4;    0.000;   0;  -999;  13.5;    -999;   12.0;   95.13;   15.0;    9.5;    8.4;eor
         44;20201009;-999;-999;-999;    3;   2.2;   4;    2.533;   0;  -999;  11.9;    -999;   11.4;   88.46;   14.0;    8.8;    7.3;eor
         44;20201010;-999;-999;-999;    3;   3.6;   4;    4.183;   0;  -999;   9.9;    -999;    8.4;   89.42;   12.1;    5.6;    4.0;eor
         44;20201011;-999;-999;-999;    3;   0.8;   4;    3.500;   0;  -999;   9.9;    -999;    7.8;   92.96;   11.6;    5.2;    3.7;eor
         44;20201012;-999;-999;-999;    3;   0.0;   4;    1.650;   0;  -999;  10.1;    -999;    8.4;   91.79;   14.6;    4.8;    1.6;eor
         44;20201013;-999;-999;-999;    3;   0.0;   0;    6.600;   0;  -999;   9.3;    -999;    7.9;   87.46;   13.8;    3.0;    0.3;eor
         44;20201014;-999;-999;-999;    3;   0.0;   0;    0.000;   0;  -999;   9.5;    -999;    8.8;   84.25;   10.6;    6.9;    4.9;eor
         44;20201015;-999;-999;-999;    3;   0.0;   0;    3.433;   0;  -999;   8.9;    -999;    8.9;   78.54;   12.8;    7.2;    5.9;eor
         44;20201016;-999;-999;-999;    3;   0.0;   0;    4.850;   0;  -999;   8.8;    -999;    8.1;   82.21;   11.8;    5.9;    3.9;eor
         44;20201017;-999;-999;-999;    3;   0.0;   0;    1.250;   0;  -999;   9.6;    -999;    7.8;   91.25;   12.9;    4.6;    2.2;eor
         44;20201018;-999;-999;-999;    3;   0.2;   4;    0.233;   0;  -999;  10.0;    -999;    8.4;   90.83;   11.1;    5.4;    3.5;eor
         44;20201019;-999;-999;-999;    3;   0.0;   0;    1.200;   0;  -999;  10.1;    -999;    8.7;   90.04;   12.2;    6.1;    2.9;eor
         44;20201020;-999;-999;-999;    3;   4.1;   4;    0.017;   0;  -999;  10.6;    -999;    9.5;   86.46;   13.2;    5.2;    2.6;eor
         44;20201021;-999;-999;-999;    3;   4.0;   4;    1.400;   0;  -999;  13.9;    -999;   14.7;   84.46;   19.3;   11.8;   11.3;eor
         44;20201022;-999;-999;-999;    3;   0.0;   0;    4.783;   0;  -999;  13.2;    -999;   14.7;   79.33;   18.3;   11.1;    7.3;eor
         44;20201023;-999;-999;-999;    3;   0.2;   4;    1.333;   0;  -999;  13.2;    -999;   12.2;   93.04;   14.6;    9.7;    5.7;eor
         44;20201024;-999;-999;-999;    3;   0.8;   4;    0.600;   0;  -999;  13.0;    -999;   12.8;   88.13;   14.4;   11.7;   10.0;eor
         44;20201025;-999;-999;-999;    3;   1.8;   4;    0.033;   0;  -999;  12.8;    -999;   13.2;   84.79;   15.1;    9.6;    7.4;eor
         44;20201026;-999;-999;-999;    3;   0.3;   4;    0.900;   0;  -999;  10.5;    -999;    9.9;   85.96;   12.4;    8.2;    5.5;eor
         44;20201027;-999;-999;-999;    3;   1.9;   4;    1.217;   0;  -999;   9.9;    -999;   10.3;   79.29;   12.6;    8.2;    6.5;eor
         44;20201028;-999;-999;-999;    3;   6.2;   4;    2.817;   0;  -999;  11.3;    -999;   10.4;   90.08;   13.6;    8.6;    7.5;eor
         44;20201029;-999;-999;-999;    3;   9.2;   4;    3.217;   0;  -999;  10.7;    -999;    9.7;   89.25;   12.1;    7.6;    6.5;eor
         44;20201030;-999;-999;-999;    3;   9.5;   4;    0.000;   0;  -999;  15.1;    -999;   13.4;   98.00;   14.1;   11.0;   10.7;eor
         44;20201031;-999;-999;-999;    3;   1.8;   4;    0.967;   0;  -999;  14.4;    -999;   13.3;   93.92;   15.0;   11.6;   10.8;eor
         44;20201101;-999;-999;-999;    3;   0.7;   4;    2.500;   0;  -999;  13.8;    -999;   13.5;   88.38;   17.3;   10.0;    8.6;eor
         44;20201102;-999;-999;-999;    3;   4.4;   4;    0.533;   0;  -999;  16.3;    -999;   16.5;   85.92;   19.6;   11.0;    8.9;eor
         44;20201103;-999;-999;-999;    3;   0.0;   0;    7.950;   0;  -999;   9.2;    -999;    9.8;   76.33;   12.2;    7.3;    5.1;eor
         44;20201104;-999;-999;-999;    3;   0.0;   0;    7.767;   0;  -999;   8.7;    -999;    7.3;   84.63;   11.7;    4.2;    1.3;eor
         44;20201105;-999;-999;-999;    3;   0.0;   0;    3.317;   0;  -999;   9.1;    -999;    7.4;   88.13;   10.7;    3.5;    1.6;eor
         44;20201106;-999;-999;-999;    3;   0.0;   0;    0.000;   0;  -999;  10.4;    -999;    8.8;   91.67;   11.4;    6.0;    3.7;eor
         44;20201107;-999;-999;-999;    3;   0.0;   0;    7.633;   0;  -999;   9.0;    -999;    7.0;   90.38;   12.5;    3.3;    0.8;eor
         44;20201108;-999;-999;-999;    3;   0.0;   0;    7.783;   0;  -999;   8.9;    -999;    6.7;   91.08;   12.5;    2.3;    0.0;eor
         44;20201109;-999;-999;-999;    3;   0.0;   0;    0.000;   0;  -999;   8.8;    -999;    5.5;   97.54;    6.9;    4.0;    1.7;eor
         44;20201110;-999;-999;-999;    3;   0.0;   4;    0.000;   0;  -999;   8.7;    -999;    5.0;   99.96;    5.7;    4.3;    4.6;eor
         44;20201111;-999;-999;-999;    3;   0.2;   4;    0.000;   0;  -999;  10.8;    -999;    8.0;  100.00;   10.2;    5.2;    5.4;eor
         44;20201112;-999;-999;-999;    3;   2.4;   4;    1.100;   0;  -999;  10.6;    -999;    8.7;   94.13;   12.2;    5.9;    4.5;eor
         44;20201113;-999;-999;-999;    3;   0.0;   0;    5.533;   0;  -999;  10.3;    -999;    8.5;   91.83;   11.7;    3.6;    0.3;eor
         44;20201114;-999;-999;-999;    3;   0.5;   4;    0.000;   0;  -999;  12.8;    -999;   11.5;   94.38;   13.8;    9.6;    6.1;eor
         44;20201115;-999;-999;-999;    3;   4.8;   4;    3.733;   0;  -999;  11.9;    -999;   12.9;   80.50;   16.8;    7.9;    6.1;eor
         44;20201116;-999;-999;-999;    3;   0.4;   4;    0.533;   0;  -999;  10.6;    -999;    9.6;   87.92;   11.3;    7.8;    5.8;eor
         44;20201117;-999;-999;-999;    3;   1.1;   4;    0.000;   0;  -999;  12.1;    -999;   10.6;   94.54;   12.2;    7.5;    6.0;eor
         44;20201118;-999;-999;-999;    3;   1.8;   4;    3.083;   0;  -999;  11.4;    -999;   11.7;   82.88;   13.9;   10.6;    8.3;eor
         44;20201119;-999;-999;-999;    3;   1.4;   4;    0.867;   0;  -999;   8.8;    -999;    8.0;   80.96;   13.8;    2.7;    0.3;eor
         44;20201120;-999;-999;-999;    3;   0.1;   4;    4.667;   0;  -999;   7.3;    -999;    4.2;   88.83;    7.4;    1.6;   -1.3;eor
         44;20201121;-999;-999;-999;    3;   1.5;   4;    0.000;   0;  -999;   8.5;    -999;    6.0;   89.04;    9.1;    1.7;   -0.6;eor
         44;20201122;-999;-999;-999;    3;   0.3;   4;    3.483;   0;  -999;   9.8;    -999;    8.2;   89.88;   10.4;    4.7;    2.4;eor
         44;20201123;-999;-999;-999;    3;   0.0;   0;    6.733;   0;  -999;   7.8;    -999;    5.6;   85.71;    9.4;    2.6;   -0.6;eor
         44;20201124;-999;-999;-999;    3;   0.0;   0;    2.150;   0;  -999;   8.6;    -999;    5.9;   91.75;    9.8;    2.3;   -0.6;eor
         44;20201125;-999;-999;-999;    3;   0.0;   0;    6.483;   0;  -999;   7.6;    -999;    4.9;   87.75;    8.5;    1.7;    0.0;eor
         44;20201126;-999;-999;-999;    3;   1.6;   4;    0.000;   0;  -999;  10.4;    -999;    8.0;   96.25;    9.6;    6.4;    5.8;eor
         44;20201127;-999;-999;-999;    3;   0.0;   0;    0.000;   0;  -999;   9.7;    -999;    7.0;   96.33;    8.1;    4.4;    0.7;eor
         44;20201128;-999;-999;-999;    3;   0.0;   0;    0.000;   0;  -999;   7.7;    -999;    4.5;   91.46;    6.0;    1.6;    1.6;eor
         44;20201129;-999;-999;-999;    3;   0.0;   0;    0.000;   0;  -999;   5.9;    -999;    1.3;   87.29;    3.9;   -2.5;   -5.1;eor
         44;20201130;-999;-999;-999;    3;   7.3;   4;    0.000;   0;  -999;   6.0;    -999;    1.0;   90.88;    4.0;   -1.6;   -3.3;eor
         44;20201201;-999;-999;-999;    3;   0.7;   4;    0.000;   0;  -999;   8.9;    -999;    5.5;   97.88;    7.3;    4.0;    3.9;eor
         44;20201202;-999;-999;-999;    3;   0.1;   4;    0.000;   0;  -999;   7.4;    -999;    3.5;   94.54;    4.4;    2.3;    2.0;eor
         44;20201203;-999;-999;-999;    3;   0.4;   4;    0.000;   0;  -999;   7.1;    -999;    3.5;   90.00;    4.6;    2.4;    1.6;eor
         44;20201204;-999;-999;-999;    3;   0.4;   4;    2.400;   0;  -999;   6.9;    -999;    4.4;   81.67;    7.3;    1.8;    1.2;eor
         44;20201205;-999;-999;-999;    3;   1.6;   4;    1.517;   0;  -999;   7.0;    -999;    3.0;   92.00;    6.3;    0.4;   -1.3;eor
         44;20201206;-999;-999;-999;    3;   1.6;   4;    0.000;   0;  -999;   7.3;    -999;    2.9;   97.50;    4.2;   -0.3;   -1.7;eor
         44;20201207;-999;-999;-999;    3;   1.8;   4;    0.000;   0;  -999;   7.8;    -999;    3.8;   96.67;    5.0;    2.6;    0.5;eor
         44;20201208;-999;-999;-999;    3;   0.0;   0;    0.117;   0;  -999;   7.2;    -999;    3.1;   93.50;    4.5;    1.2;   -1.2;eor
         44;20201209;-999;-999;-999;    3;   0.0;   0;    0.000;   0;  -999;   6.9;    -999;    2.4;   94.96;    4.0;    1.3;    1.3;eor
         44;20201210;-999;-999;-999;    3;   0.3;   4;    0.000;   0;  -999;   6.8;    -999;    2.2;   94.92;    3.2;    1.1;    0.7;eor
         44;20201211;-999;-999;-999;    3;   0.0;   0;    0.033;   0;  -999;   6.4;    -999;    2.7;   85.38;    4.3;    1.1;    0.4;eor
         44;20201212;-999;-999;-999;    3;   1.9;   4;    0.000;   0;  -999;   7.5;    -999;    3.7;   94.21;    5.4;    2.2;    1.6;eor
         44;20201213;-999;-999;-999;    3;   0.0;   4;    0.000;   0;  -999;   8.9;    -999;    5.5;   98.04;    7.0;    4.1;   -0.3;eor
         44;20201214;-999;-999;-999;    3;   5.6;   4;    0.000;   0;  -999;   9.3;    -999;    7.5;   88.75;    9.6;    5.4;    3.7;eor
         44;20201215;-999;-999;-999;    3;   3.0;   4;    0.000;   0;  -999;  10.6;    -999;    8.2;   96.75;    9.1;    6.8;    6.3;eor
         44;20201216;-999;-999;-999;    3;   0.0;   4;    2.133;   0;  -999;   9.7;    -999;    7.4;   94.21;    9.0;    4.2;    0.3;eor
         44;20201217;-999;-999;-999;    3;   3.5;   4;    0.250;   0;  -999;  10.0;    -999;    8.4;   90.75;    9.7;    5.2;    2.0;eor
         44;20201218;-999;-999;-999;    3;   0.0;   0;    5.750;   0;  -999;   8.5;    -999;    6.4;   88.58;    9.8;    4.4;    0.0;eor
         44;20201219;-999;-999;-999;    3;   0.0;   0;    5.583;   0;  -999;   8.9;    -999;    6.8;   88.88;   10.8;    2.2;   -1.8;eor
         44;20201220;-999;-999;-999;    3;   0.1;   4;    0.550;   0;  -999;   9.8;    -999;    8.0;   90.67;   10.4;    5.8;    2.7;eor
         44;20201221;-999;-999;-999;    3;  11.8;   4;    1.800;   0;  -999;   9.0;    -999;    6.5;   92.54;    8.8;    3.8;    0.4;eor
         44;20201222;-999;-999;-999;    3;   2.2;   4;    0.000;   0;  -999;  11.6;    -999;    9.6;   96.17;   12.5;    4.6;    1.6;eor
         44;20201223;-999;-999;-999;    3;  25.3;   4;    0.000;   0;  -999;   9.9;    -999;    6.7;   99.54;   10.8;    2.3;    0.7;eor
         44;20201224;-999;-999;-999;    3;   0.6;   4;    0.133;   0;  -999;   7.8;    -999;    4.2;   94.04;    6.3;    1.6;   -0.6;eor
         44;20201225;-999;-999;-999;    3;   0.1;   4;    5.367;   0;  -999;   6.1;    -999;    0.9;   93.83;    4.5;   -1.5;   -4.3;eor
         44;20201226;-999;-999;-999;    3;   0.0;   4;    0.017;   0;  -999;   6.9;    -999;    2.9;   91.83;    4.5;    0.7;   -0.2;eor
         44;20201227;-999;-999;-999;    3;  14.9;   4;    0.000;   0;  -999;   7.0;    -999;    3.9;   86.71;    5.6;    2.4;    2.1;eor
         44;20201228;-999;-999;-999;    3;   3.0;   4;    2.050;   0;  -999;   7.3;    -999;    3.1;   95.38;    5.4;    0.7;   -2.0;eor
         44;20201229;-999;-999;-999;    3;   6.4;   4;    0.167;   0;  -999;   7.3;    -999;    2.9;   96.42;    4.0;    1.4;   -1.0;eor
         44;20201230;-999;-999;-999;    3;   0.0;   0;    0.000;   0;  -999;   7.3;    -999;    3.6;   92.08;    4.5;    2.4;    2.2;eor
         44;20201231;-999;-999;-999;    3;   0.2;   4;    0.000;   0;  -999;   6.8;    -999;    2.5;   93.46;    3.7;   -0.5;   -2.8;eor
         44;20210101;-999;-999;-999;    3;   0.2;   4;    1.150;   0;  -999;   6.9;    -999;    2.6;   93.54;    4.2;    0.5;   -1.1;eor
         44;20210102;-999;-999;-999;    3;   0.5;   4;    0.000;   0;  -999;   7.5;    -999;    3.5;   95.88;    4.2;    2.6;    1.9;eor
         44;20210103;-999;-999;-999;    3;   3.1;   4;    0.000;   0;  -999;   6.8;    -999;    2.9;   91.17;    3.6;    2.3;    1.9;eor
         44;20210104;-999;-999;-999;    3;   2.1;   4;    0.000;   0;  -999;   6.5;    -999;    2.3;   90.25;    3.7;    1.0;    0.7;eor
         44;20210105;-999;-999;-999;    3;   0.3;   4;    0.000;   0;  -999;   6.9;    -999;    2.5;   94.13;    3.2;    1.5;    1.2;eor
         44;20210106;-999;-999;-999;    3;   3.2;   4;    0.000;   0;  -999;   6.2;    -999;    1.0;   94.50;    2.2;    0.3;    0.1;eor
         44;20210107;-999;-999;-999;    3;   1.9;   4;    0.000;   1;  -999;   6.4;    -999;    0.9;   98.58;    1.8;    0.2;    0.1;eor
         44;20210108;-999;-999;-999;    3;   0.2;   4;    0.017;   0;  -999;   6.4;    -999;    1.1;   96.25;    2.2;    0.0;   -1.2;eor
         44;20210109;-999;-999;-999;    3;   0.0;   0;    2.383;   0;  -999;   6.0;    -999;    0.4;   95.00;    3.2;   -2.0;   -3.9;eor
         44;20210110;-999;-999;-999;    3;   1.2;   4;    1.417;   0;  -999;   6.6;    -999;    2.1;   93.29;    4.1;    0.1;   -1.2;eor
         44;20210111;-999;-999;-999;    3;  10.7;   4;    0.000;   0;  -999;   7.4;    -999;    3.2;   95.63;    5.3;    1.9;    1.9;eor
         44;20210112;-999;-999;-999;    3;   5.7;   4;    2.683;   0;  -999;   7.4;    -999;    4.1;   89.21;    6.3;    0.8;   -0.6;eor
         44;20210113;-999;-999;-999;    3;   1.8;   4;    1.717;   0;  -999;   6.3;    -999;    2.4;   86.46;    5.2;    0.2;   -1.3;eor
         44;20210114;-999;-999;-999;    3;   0.0;   0;    0.000;   0;  -999;   5.3;    -999;    0.8;   82.42;    2.3;   -0.4;   -2.1;eor
         44;20210115;-999;-999;-999;    3;   0.0;   4;    0.283;   0;  -999;   5.1;    -999;   -0.1;   83.25;    0.9;   -1.0;   -1.8;eor
         44;20210116;-999;-999;-999;    3;   0.1;   4;    0.000;   0;  -999;   5.1;    -999;   -0.3;   84.63;    1.5;   -1.1;   -1.6;eor
         44;20210117;-999;-999;-999;    3;   1.1;   4;    0.000;   1;  -999;   5.6;    -999;   -0.3;   93.79;    2.7;   -1.4;   -1.4;eor
         44;20210118;-999;-999;-999;    3;   4.0;   4;    0.000;   0;  -999;   7.5;    -999;    4.0;   92.67;    5.1;    2.2;    1.4;eor
         44;20210119;-999;-999;-999;    3;   9.7;   4;    0.000;   0;  -999;   8.9;    -999;    6.3;   92.46;    9.5;    4.1;    3.7;eor
         44;20210120;-999;-999;-999;    3;   0.0;   0;    2.067;   0;  -999;   7.7;    -999;    8.3;   71.13;   10.9;    6.1;    5.5;eor
         44;20210121;-999;-999;-999;    3;   7.5;   4;    3.100;   0;  -999;   7.3;    -999;    7.8;   69.21;   11.7;    5.1;    4.6;eor
         44;20210122;-999;-999;-999;    3;   0.0;   0;    2.467;   0;  -999;   7.1;    -999;    4.3;   85.00;    8.8;    0.7;   -2.1;eor
         44;20210123;-999;-999;-999;    3;   0.0;   0;    1.350;   0;  -999;   6.2;    -999;    2.0;   88.00;    5.7;   -0.9;   -2.8;eor
         44;20210124;-999;-999;-999;    3;   0.0;   0;    1.800;   0;  -999;   6.0;    -999;    0.8;   93.00;    4.0;   -1.4;   -4.0;eor
         44;20210125;-999;-999;-999;    3;   1.4;   4;    5.617;   0;  -999;   5.6;    -999;    0.9;   86.58;    4.2;   -2.7;   -5.0;eor
         44;20210126;-999;-999;-999;    3;   2.1;   4;    1.867;   1;  -999;   6.5;    -999;    1.6;   93.92;    5.1;    0.2;   -2.5;eor
         44;20210127;-999;-999;-999;    3;   2.5;   4;    0.000;   0;  -999;   6.6;    -999;    1.8;   94.58;    4.6;    0.3;   -1.8;eor
         44;20210128;-999;-999;-999;    3;   0.1;   4;    0.000;   0;  -999;   6.4;    -999;    1.9;   90.17;    4.4;    0.2;   -1.1;eor
         44;20210129;-999;-999;-999;    3;  12.4;   4;    0.000;   0;  -999;   5.7;    -999;    0.0;   93.71;    0.5;   -1.3;   -1.3;eor
         44;20210130;-999;-999;-999;    3;   0.0;   0;    0.000;   1;  -999;   4.8;    -999;   -2.5;   93.13;   -0.7;   -5.7;   -8.2;eor
         44;20210131;-999;-999;-999;    3;   0.0;   0;    6.333;   1;  -999;   4.1;    -999;   -4.0;   89.46;    0.4;   -8.1;   -9.5;eor
         44;20210201;-999;-999;-999;    3;   0.0;   0;    0.000;   1;  -999;   4.6;    -999;   -3.0;   91.88;   -1.0;   -6.0;   -6.5;eor
         44;20210202;-999;-999;-999;    3;   7.3;   4;    0.000;   1;  -999;   5.8;    -999;   -0.2;   96.08;    0.6;   -1.2;   -1.2;eor
         44;20210203;-999;-999;-999;    3;  12.1;   4;    0.000;   0;  -999;   8.2;    -999;    4.1;   98.29;    7.6;    0.4;    0.3;eor
         44;20210204;-999;-999;-999;    3;   0.5;   4;    0.000;   0;  -999;   6.8;    -999;    1.7;   97.54;    2.8;    1.0;    0.9;eor
         44;20210205;-999;-999;-999;    3;   4.7;   4;    0.000;   0;  -999;   6.5;    -999;    1.5;   95.92;    2.6;    0.6;    0.4;eor
         44;20210206;-999;-999;-999;    3;   0.2;   4;    0.000;   0;  -999;   4.6;    -999;   -0.5;   77.08;    0.6;   -2.4;   -2.2;eor
         44;20210207;-999;-999;-999;    3;   0.6;   4;    0.000;   1;  -999;   3.3;    -999;   -5.1;   79.00;   -2.3;   -6.2;   -5.9;eor
         44;20210208;-999;-999;-999;    3;   0.3;   4;    0.000;   4;  -999;   3.2;    -999;   -5.5;   79.54;   -4.4;  -10.0;  -15.6;eor
         44;20210209;-999;-999;-999;    3;   0.4;   4;    0.000;   5;  -999;   3.6;    -999;   -5.0;   85.29;   -3.1;   -9.2;  -12.5;eor
         44;20210210;-999;-999;-999;    3;   0.0;   0;    0.217;   5;  -999;   3.6;    -999;   -3.8;   78.92;   -1.9;   -6.6;  -12.0;eor
         44;20210211;-999;-999;-999;    3;   0.0;   0;    5.850;   5;  -999;   3.2;    -999;   -5.7;   80.75;   -0.3;  -11.3;  -18.0;eor
         44;20210212;-999;-999;-999;    3;   0.0;   0;    7.050;   5;  -999;   2.7;    -999;   -7.1;   77.13;   -2.3;  -11.4;  -18.3;eor
         44;20210213;-999;-999;-999;    3;   0.0;   0;    9.117;   5;  -999;   2.6;    -999;   -8.4;   79.67;   -0.3;  -16.7;  -19.5;eor
         44;20210214;-999;-999;-999;    3;   0.0;   0;    6.383;   4;  -999;   2.6;    -999;   -5.8;   68.71;    0.0;  -14.1;  -17.5;eor
         44;20210215;-999;-999;-999;    3;   8.0;   4;    0.000;   4;  -999;   4.6;    -999;    0.5;   70.46;    3.0;   -1.8;   -4.9;eor
         44;20210216;-999;-999;-999;    3;   2.4;   4;    0.000;   3;  -999;   7.8;    -999;    4.1;   95.08;    7.1;    2.2;    0.5;eor
         44;20210217;-999;-999;-999;    3;   0.3;   4;    0.117;   0;  -999;   9.2;    -999;    7.6;   88.83;    9.1;    5.9;    4.4;eor
         44;20210218;-999;-999;-999;    3;   3.7;   4;    3.000;   0;  -999;   8.5;    -999;    8.1;   78.58;    9.9;    6.3;    4.1;eor
         44;20210219;-999;-999;-999;    3;   0.0;   0;    4.550;   0;  -999;   8.0;    -999;    7.1;   80.04;   10.9;    3.7;    2.2;eor
         44;20210220;-999;-999;-999;    3;   0.0;   0;    6.017;   0;  -999;   9.1;    -999;   10.1;   73.88;   15.2;    6.3;    3.7;eor
         44;20210221;-999;-999;-999;    3;   0.0;   0;    9.083;   0;  -999;   8.8;    -999;   10.7;   69.88;   17.9;    6.3;    1.0;eor
         44;20210222;-999;-999;-999;    3;   0.0;   0;    6.100;   0;  -999;   7.7;    -999;   10.9;   60.71;   17.8;    4.5;   -1.3;eor
         44;20210223;-999;-999;-999;    3;   0.0;   0;    4.767;   0;  -999;  10.0;    -999;   13.0;   66.29;   17.7;    7.3;    3.3;eor
         44;20210224;-999;-999;-999;    3;   0.0;   0;    9.417;   0;  -999;   9.9;    -999;   13.5;   65.54;   18.6;    9.0;    3.7;eor
         44;20210225;-999;-999;-999;    3;   0.0;   0;    7.400;   0;  -999;   9.8;    -999;   11.8;   72.04;   17.3;    7.3;    2.9;eor
         44;20210226;-999;-999;-999;    3;   0.0;   0;    6.317;   0;  -999;   7.8;    -999;    6.8;   79.38;   10.2;    3.4;    2.4;eor
         44;20210227;-999;-999;-999;    3;   0.0;   0;    1.617;   0;  -999;   7.8;    -999;    5.0;   89.71;   10.0;    0.9;   -1.3;eor
         44;20210228;-999;-999;-999;    3;   0.0;   0;    0.067;   0;  -999;   7.2;    -999;    2.8;   95.21;    7.2;   -1.5;   -2.8;eor
         44;20210301;-999;-999;-999;    3;   0.0;   0;    6.233;   0;  -999;   7.4;    -999;    4.5;   88.04;    9.4;   -0.4;   -2.8;eor
         44;20210302;-999;-999;-999;    3;   0.0;   0;    6.383;   0;  -999;   7.1;    -999;    4.1;   87.33;   12.3;   -0.4;   -2.2;eor
         44;20210303;-999;-999;-999;    3;   0.0;   0;    4.967;   0;  -999;   7.5;    -999;    5.3;   85.08;   12.3;   -0.6;   -3.0;eor
         44;20210304;-999;-999;-999;    3;   0.1;   4;    0.033;   0;  -999;   6.6;    -999;    3.2;   86.83;    6.6;   -0.7;   -4.0;eor
         44;20210305;-999;-999;-999;    3;   0.0;   0;    9.600;   0;  -999;   4.4;    -999;    1.1;   69.04;    7.2;   -3.4;   -6.2;eor
         44;20210306;-999;-999;-999;    3;   0.1;   4;    0.467;   0;  -999;   6.1;    -999;    2.6;   81.96;    6.9;   -1.7;   -3.8;eor
         44;20210307;-999;-999;-999;    3;   1.4;   4;    0.000;   0;  -999;   5.7;    -999;    2.8;   77.25;    4.9;   -1.0;   -3.8;eor
         44;20210308;-999;-999;-999;    3;   4.4;   4;    7.917;   0;  -999;   5.0;    -999;    2.8;   69.92;    7.0;   -2.0;   -3.7;eor
         44;20210309;-999;-999;-999;    3;   1.7;   4;    0.000;   0;  -999;   7.0;    -999;    2.4;   95.54;    3.4;    1.1;    0.9;eor
         44;20210310;-999;-999;-999;    3;  10.8;   4;    0.000;   0;  -999;   7.5;    -999;    4.9;   86.25;    7.6;    1.8;    1.1;eor
         44;20210311;-999;-999;-999;    3;   8.0;   4;    1.250;   0;  -999;   8.8;    -999;    7.9;   82.21;   12.0;    4.3;    3.3;eor
         44;20210312;-999;-999;-999;    3;   6.9;   4;    3.167;   0;  -999;   7.4;    -999;    6.0;   79.21;    9.6;    2.1;    1.1;eor
         44;20210313;-999;-999;-999;    3;  17.2;   4;    2.550;   0;  -999;   7.6;    -999;    5.6;   84.21;    8.6;    2.9;    2.1;eor
         44;20210314;-999;-999;-999;    3;   4.3;   4;    3.167;   0;  -999;   7.4;    -999;    5.3;   83.38;    9.0;    2.0;    0.9;eor
         44;20210315;-999;-999;-999;    3;   1.8;   4;    0.517;   0;  -999;   7.5;    -999;    5.0;   86.17;    7.6;    3.0;    1.5;eor
         44;20210316;-999;-999;-999;    3;   0.1;   4;    4.250;   0;  -999;   6.6;    -999;    4.8;   77.88;    9.3;    1.3;   -0.9;eor
         44;20210317;-999;-999;-999;    3;   0.6;   4;    2.267;   0;  -999;   6.4;    -999;    3.6;   82.33;    8.8;   -0.4;   -2.6;eor
         44;20210318;-999;-999;-999;    3;   0.0;   0;    1.267;   0;  -999;   6.5;    -999;    3.1;   86.08;    5.8;    0.0;   -3.5;eor
         44;20210319;-999;-999;-999;    3;   0.0;   0;    6.433;   0;  -999;   5.3;    -999;    2.5;   73.13;    8.2;   -2.1;   -5.0;eor
         44;20210320;-999;-999;-999;    3;   0.7;   4;    0.800;   0;  -999;   5.7;    -999;    2.1;   78.46;    6.3;   -4.0;   -6.0;eor
         44;20210321;-999;-999;-999;    3;   0.0;   4;    0.617;   0;  -999;   7.1;    -999;    5.7;   78.00;    7.7;    4.7;    4.1;eor
         44;20210322;-999;-999;-999;    3;   0.1;   4;    0.017;   0;  -999;   7.5;    -999;    5.7;   82.17;    8.0;    4.1;    3.0;eor
         44;20210323;-999;-999;-999;    3;   0.0;   0;    0.767;   0;  -999;   7.6;    -999;    6.7;   77.00;   10.7;    4.4;    1.0;eor
         44;20210324;-999;-999;-999;    3;   0.0;   0;    8.333;   0;  -999;   8.1;    -999;    8.5;   74.33;   15.0;    2.7;    0.1;eor
         44;20210325;-999;-999;-999;    3;   0.3;   4;    2.600;   0;  -999;   8.4;    -999;    7.7;   81.25;   14.1;    2.5;    0.2;eor
         44;20210326;-999;-999;-999;    3;   2.2;   4;    5.267;   0;  -999;   8.3;    -999;    9.7;   71.75;   15.5;    3.2;   -0.9;eor
         44;20210327;-999;-999;-999;    3;   3.6;   4;    3.750;   0;  -999;   7.2;    -999;    5.6;   79.71;    9.9;    2.5;    0.8;eor
         44;20210328;-999;-999;-999;    3;   0.7;   4;    1.900;   0;  -999;   7.9;    -999;    8.1;   72.58;   11.8;    3.3;    1.7;eor
         44;20210329;-999;-999;-999;    3;   0.0;   4;    9.950;   0;  -999;   9.4;    -999;   13.2;   62.75;   19.1;    6.3;    3.4;eor
         44;20210330;-999;-999;-999;    3;   0.0;   0;   11.750;   0;  -999;   7.3;    -999;   13.4;   50.21;   22.4;    5.5;    0.8;eor
         44;20210331;-999;-999;-999;    3;   0.0;   0;   11.367;   0;  -999;   7.8;    -999;   13.7;   54.54;   24.4;    3.1;   -0.3;eor
         44;20210401;-999;-999;-999;    3;   0.0;   0;    6.567;   0;  -999;   8.5;    -999;    9.3;   73.08;   12.3;    3.7;    1.7;eor
         44;20210402;-999;-999;-999;    3;   0.7;   4;    0.567;   0;  -999;   7.0;    -999;    5.1;   79.75;    8.1;    2.1;    0.3;eor
         44;20210403;-999;-999;-999;    3;   0.0;   0;    7.450;   0;  -999;   7.0;    -999;    6.8;   72.58;   12.5;    2.7;    0.0;eor
         44;20210404;-999;-999;-999;    3;   2.3;   4;    0.000;   0;  -999;   7.0;    -999;    5.8;   76.00;    8.1;    4.0;    3.7;eor
         44;20210405;-999;-999;-999;    3;   2.6;   4;    3.300;   0;  -999;   6.0;    -999;    2.5;   81.46;    6.4;   -0.9;   -3.3;eor
         44;20210406;-999;-999;-999;    3;   2.1;   4;    5.550;   1;  -999;   5.8;    -999;    0.8;   89.08;    4.7;   -0.9;   -3.2;eor
         44;20210407;-999;-999;-999;    3;   2.8;   4;    1.867;   1;  -999;   6.1;    -999;    2.0;   86.58;    6.8;   -1.0;   -2.2;eor
         44;20210408;-999;-999;-999;    3;   0.0;   0;    1.450;   0;  -999;   5.6;    -999;    4.0;   69.75;    7.6;    0.3;   -0.7;eor
         44;20210409;-999;-999;-999;    3;   0.0;   0;    5.317;   0;  -999;   6.7;    -999;    6.2;   70.75;   11.7;    2.1;   -0.8;eor
         44;20210410;-999;-999;-999;    3;  13.7;   4;    0.317;   0;  -999;   7.2;    -999;    5.4;   80.38;    8.1;    2.5;    0.4;eor
         44;20210411;-999;-999;-999;    3;   0.1;   4;    0.050;   0;  -999;   7.6;    -999;    4.9;   86.75;    8.1;    0.7;   -1.0;eor
         44;20210412;-999;-999;-999;    3;   0.7;   4;    7.000;   0;  -999;   5.8;    -999;    3.2;   77.08;    8.4;   -0.2;   -1.2;eor
         44;20210413;-999;-999;-999;    3;   0.0;   4;    8.767;   0;  -999;   6.1;    -999;    4.2;   75.75;    9.3;   -0.1;   -2.4;eor
         44;20210414;-999;-999;-999;    3;   2.5;   4;    6.483;   0;  -999;   6.1;    -999;    2.8;   82.79;    8.4;   -1.2;   -3.5;eor
         44;20210415;-999;-999;-999;    3;   0.0;   0;    8.150;   0;  -999;   5.7;    -999;    4.3;   71.67;   10.8;   -1.6;   -4.2;eor
         44;20210416;-999;-999;-999;    3;   0.0;   0;   10.950;   0;  -999;   6.4;    -999;    7.3;   65.63;   13.3;    1.9;   -0.2;eor
         44;20210417;-999;-999;-999;    3;   0.0;   0;    7.450;   0;  -999;   6.8;    -999;    6.9;   71.08;   13.3;    1.0;   -1.0;eor
         44;20210418;-999;-999;-999;    3;   0.5;   4;    8.983;   0;  -999;   8.2;    -999;    9.6;   70.67;   16.9;    1.9;   -0.9;eor
         44;20210419;-999;-999;-999;    3;   0.0;   0;    4.467;   0;  -999;   9.5;    -999;    9.8;   79.67;   15.2;    5.4;    2.2;eor
         44;20210420;-999;-999;-999;    3;   0.0;   0;   13.083;   0;  -999;   7.2;    -999;   10.4;   62.21;   18.5;    2.8;   -1.0;eor
         44;20210421;-999;-999;-999;    3;   0.0;   0;    8.417;   0;  -999;   6.7;    -999;    6.9;   68.13;   13.5;    1.1;   -2.4;eor
         44;20210422;-999;-999;-999;    3;   0.0;   0;    6.183;   0;  -999;   6.0;    -999;    6.8;   61.79;   11.7;    3.4;    0.9;eor
         44;20210423;-999;-999;-999;    3;   0.0;   0;   11.333;   0;  -999;   6.4;    -999;    7.4;   64.67;   13.7;    2.0;   -0.8;eor
         44;20210424;-999;-999;-999;    3;   0.0;   0;   10.750;   0;  -999;   6.2;    -999;    6.8;   65.71;   12.9;    0.8;   -1.8;eor
         44;20210425;-999;-999;-999;    3;   0.0;   0;    6.817;   0;  -999;   5.4;    -999;    7.1;   54.88;   13.0;    0.7;   -3.8;eor
         44;20210426;-999;-999;-999;    3;   0.0;   0;   11.650;   0;  -999;   5.4;    -999;    6.2;   60.42;   13.0;   -0.9;   -4.8;eor
         44;20210427;-999;-999;-999;    3;   0.0;   0;   13.400;   0;  -999;   4.2;    -999;    7.7;   43.25;   13.8;    0.9;   -1.8;eor
         44;20210428;-999;-999;-999;    3;   0.8;   4;   10.600;   0;  -999;   5.6;    -999;   10.4;   45.67;   17.7;    1.2;   -3.8;eor
         44;20210429;-999;-999;-999;    3;   8.5;   4;    1.067;   0;  -999;   9.6;    -999;    9.2;   82.46;   13.0;    6.8;    5.0;eor
         44;20210430;-999;-999;-999;    3;   2.5;   4;    2.250;   0;  -999;   9.3;    -999;    9.0;   82.17;   13.7;    4.7;    2.7;eor
         44;20210501;-999;-999;-999;    3;   0.3;   4;    3.783;-999;  -999;   8.7;    -999;    8.9;   77.25;   13.7;    4.2;    1.5;eor
         44;20210502;-999;-999;-999;    3;   2.5;   4;    0.617;-999;  -999;   8.0;    -999;    6.4;   82.88;    9.1;    3.8;    1.4;eor
         44;20210503;-999;-999;-999;    3;   6.5;   4;    1.350;-999;  -999;   8.0;    -999;    6.5;   82.63;   10.7;    2.4;    0.7;eor
         44;20210504;-999;-999;-999;    3;   6.7;   4;    1.483;-999;  -999;   8.6;    -999;    8.6;   76.88;   11.8;    6.6;    5.6;eor
         44;20210505;-999;-999;-999;    3;   3.2;   4;    3.667;-999;  -999;   7.3;    -999;    6.8;   74.04;    9.8;    4.0;    2.3;eor
         44;20210506;-999;-999;-999;    3;   1.0;   4;    4.900;-999;  -999;   7.0;    -999;    6.0;   75.50;    9.6;    3.5;    1.3;eor
         44;20210507;-999;-999;-999;    3;   0.3;   4;    4.833;-999;  -999;   7.1;    -999;    6.8;   73.83;   12.8;    2.7;   -0.8;eor
         44;20210508;-999;-999;-999;    3;   5.3;   4;    7.767;-999;  -999;   8.0;    -999;    8.6;   73.00;   15.1;    0.8;   -2.4;eor
         44;20210509;-999;-999;-999;    3;   0.0;   0;    9.417;-999;  -999;  12.7;    -999;   19.5;   57.63;   28.0;   10.5;    6.2;eor
         44;20210510;-999;-999;-999;    3;   7.2;   4;    3.567;-999;  -999;  12.5;    -999;   19.0;   57.67;   23.9;   13.9;   10.9;eor
         44;20210511;-999;-999;-999;    3;   4.9;   4;    0.000;-999;  -999;  13.6;    -999;   12.8;   91.63;   14.6;   11.1;   10.9;eor
         44;20210512;-999;-999;-999;    3;   0.0;   0;    3.000;-999;  -999;  11.9;    -999;   13.3;   78.88;   18.6;    8.1;    5.2;eor
         44;20210513;-999;-999;-999;    3;   0.0;   0;   10.883;-999;  -999;  10.3;    -999;   11.5;   77.50;   18.0;    7.0;    4.2;eor
         44;20210514;-999;-999;-999;    3;   0.0;   0;    2.617;-999;  -999;   9.9;    -999;   10.3;   80.46;   15.9;    5.5;    2.2;eor
         44;20210515;-999;-999;-999;    3;   0.5;   4;    2.050;-999;  -999;  10.2;    -999;   10.2;   82.83;   16.8;    4.4;    1.5;eor
         44;20210516;-999;-999;-999;    3;   3.5;   4;    3.650;-999;  -999;  10.7;    -999;   11.4;   80.58;   15.8;    7.9;    5.4;eor
         44;20210517;-999;-999;-999;    3;   4.0;   4;    3.517;-999;  -999;  11.1;    -999;   10.8;   85.25;   15.6;    6.3;    4.0;eor
         44;20210518;-999;-999;-999;    3;   0.2;   4;    5.483;-999;  -999;  10.3;    -999;   11.2;   78.83;   15.6;    7.0;    4.8;eor
         44;20210519;-999;-999;-999;    3;  12.9;   4;    2.717;-999;  -999;  10.6;    -999;    9.7;   88.63;   14.5;    5.9;    3.0;eor
         44;20210520;-999;-999;-999;    3;   0.0;   0;    9.083;-999;  -999;   9.5;    -999;   11.5;   72.50;   16.7;    3.7;    1.6;eor
         44;20210521;-999;-999;-999;    3;   3.7;   4;    5.267;-999;  -999;   9.9;    -999;   11.7;   72.33;   15.7;    8.6;    6.1;eor
         44;20210522;-999;-999;-999;    3;   1.5;   4;    0.100;-999;  -999;   9.9;    -999;   10.5;   77.88;   12.8;    8.5;    7.1;eor
         44;20210523;-999;-999;-999;    3;   0.9;   4;    6.483;-999;  -999;   9.4;    -999;   10.3;   75.29;   13.8;    6.2;    4.7;eor
         44;20210524;-999;-999;-999;    3;   4.8;   4;    4.100;-999;  -999;  10.2;    -999;   13.0;   69.75;   19.8;    8.6;    5.5;eor
         44;20210525;-999;-999;-999;    3;   2.9;   4;    2.550;-999;  -999;  10.4;    -999;    9.8;   86.00;   13.1;    8.4;    5.7;eor
         44;20210526;-999;-999;-999;    3;   4.0;   4;    2.650;-999;  -999;  10.5;    -999;   10.4;   83.79;   14.4;    8.7;    8.1;eor
         44;20210527;-999;-999;-999;    3;   0.0;   4;    1.617;-999;  -999;  10.6;    -999;   11.3;   79.71;   14.3;    8.1;    6.6;eor
         44;20210528;-999;-999;-999;    3;   0.3;   4;    7.600;-999;  -999;  10.8;    -999;   12.0;   77.88;   17.5;    7.6;    6.1;eor
         44;20210529;-999;-999;-999;    3;   0.0;   0;    6.100;-999;  -999;  10.2;    -999;   11.5;   76.08;   17.7;    5.9;    2.8;eor
         44;20210530;-999;-999;-999;    3;   0.0;   0;   15.133;-999;  -999;  10.8;    -999;   12.0;   78.83;   21.6;    3.9;    1.1;eor
         44;20210531;-999;-999;-999;    3;   0.0;   0;   13.483;-999;  -999;  10.5;    -999;   16.2;   62.67;   23.4;    9.0;    6.8;eor
         44;20210601;-999;-999;-999;    3;   0.0;   0;   14.767;-999;  -999;  11.6;    -999;   18.3;   59.42;   25.2;    9.3;    5.2;eor
         44;20210602;-999;-999;-999;    3;   0.0;   0;   11.417;-999;  -999;  12.6;    -999;   18.6;   59.17;   25.3;   11.2;    7.3;eor
         44;20210603;-999;-999;-999;    3;  11.1;   4;    3.150;-999;  -999;  15.6;    -999;   19.7;   69.79;   28.6;   15.1;   11.5;eor
         44;20210604;-999;-999;-999;    3;   1.9;   4;    7.667;-999;  -999;  18.5;    -999;   20.0;   80.67;   26.8;   13.5;   11.3;eor
         44;20210605;-999;-999;-999;    3;  15.6;   4;    1.000;-999;  -999;  19.6;    -999;   18.7;   90.88;   23.1;   16.2;   14.2;eor
         44;20210606;-999;-999;-999;    3;   0.0;   0;    0.000;-999;  -999;  15.9;    -999;   15.2;   91.96;   16.8;   12.9;   11.7;eor
         44;20210607;-999;-999;-999;    3;   0.0;   0;    0.633;-999;  -999;  14.2;    -999;   15.7;   80.25;   18.6;   12.6;   12.6;eor
         44;20210608;-999;-999;-999;    3;   0.0;   0;    8.617;-999;  -999;  15.0;    -999;   17.6;   75.21;   24.1;   12.5;   11.3;eor
         44;20210609;-999;-999;-999;    3;   0.0;   0;   10.633;-999;  -999;  14.9;    -999;   20.1;   65.96;   26.8;   13.1;   10.7;eor
         44;20210610;-999;-999;-999;    3;   0.0;   0;   14.550;-999;  -999;  13.6;    -999;   20.2;   61.46;   26.1;   12.9;   10.6;eor
         44;20210611;-999;-999;-999;    3;   0.0;   0;    9.583;-999;  -999;  16.4;    -999;   20.0;   72.17;   26.5;   12.8;   10.2;eor
         44;20210612;-999;-999;-999;    3;   0.0;   0;    4.983;-999;  -999;  13.9;    -999;   16.9;   72.13;   20.5;   10.4;    8.0;eor
         44;20210613;-999;-999;-999;    3;   0.0;   0;   14.700;-999;  -999;  11.2;    -999;   15.8;   65.13;   22.7;    8.1;    6.7;eor
         44;20210614;-999;-999;-999;    3;   0.0;   0;   14.517;-999;  -999;  13.2;    -999;   19.9;   61.00;   28.1;   10.5;    6.7;eor
         44;20210615;-999;-999;-999;    3;   0.0;   0;   10.783;-999;  -999;  12.9;    -999;   16.8;   69.25;   22.3;   11.2;    6.7;eor
         44;20210616;-999;-999;-999;    3;   0.0;   0;   14.767;-999;  -999;  14.9;    -999;   21.0;   61.46;   28.8;    9.8;    5.5;eor
         44;20210617;-999;-999;-999;    3;   0.0;   0;   15.017;-999;  -999;  18.7;    -999;   27.0;   56.25;   34.3;   19.8;   17.5;eor
         44;20210618;-999;-999;-999;    3;   0.0;   0;   12.800;-999;  -999;  21.4;    -999;   24.3;   72.08;   30.8;   17.2;   14.7;eor
         44;20210619;-999;-999;-999;    3;   6.3;   4;   13.000;-999;  -999;  19.1;    -999;   23.0;   70.17;   29.8;   16.5;   16.0;eor
         44;20210620;-999;-999;-999;    3;  14.6;   4;    6.517;-999;  -999;  18.4;    -999;   19.9;   80.00;   24.6;   14.6;   14.3;eor
         44;20210621;-999;-999;-999;    3;  15.0;   4;    0.000;-999;  -999;  14.8;    -999;   13.7;   94.17;   15.0;   12.0;   11.8;eor
         44;20210622;-999;-999;-999;    3;   0.0;   0;    6.067;-999;  -999;  12.4;    -999;   14.4;   76.29;   18.7;   11.0;    9.8;eor
         44;20210623;-999;-999;-999;    3;   0.0;   0;    0.950;-999;  -999;  13.0;    -999;   14.5;   79.17;   18.6;   11.0;   10.4;eor
         44;20210624;-999;-999;-999;    3;   0.0;   0;    6.483;-999;  -999;  13.3;    -999;   14.9;   79.00;   18.5;   11.6;   10.4;eor
         44;20210625;-999;-999;-999;    3;   0.0;   0;    7.850;-999;  -999;  13.5;    -999;   17.2;   70.96;   22.8;   10.4;    8.0;eor
         44;20210626;-999;-999;-999;    3;   0.0;   0;    3.683;-999;  -999;  16.8;    -999;   19.3;   75.83;   24.1;   14.7;   11.4;eor
         44;20210627;-999;-999;-999;    3;   0.0;   0;   14.117;-999;  -999;  16.9;    -999;   20.5;   72.79;   26.9;   13.5;   10.2;eor
         44;20210628;-999;-999;-999;    3;   2.6;   4;    6.050;-999;  -999;  18.5;    -999;   21.7;   73.63;   28.5;   15.5;   13.4;eor
         44;20210629;-999;-999;-999;    3;  12.1;   4;    0.117;-999;  -999;  20.6;    -999;   19.1;   92.83;   23.5;   17.2;   15.6;eor
         44;20210630;-999;-999;-999;    3;   3.5;   4;    0.000;-999;  -999;  17.0;    -999;   15.9;   93.71;   17.5;   13.1;   13.1;eor
         44;20210701;-999;-999;-999;    3;  10.8;   4;    1.183;-999;  -999;  17.7;    -999;   16.7;   92.58;   22.2;   13.0;   13.1;eor
         44;20210702;-999;-999;-999;    3;   0.0;   0;    2.550;-999;  -999;  16.2;    -999;   16.8;   85.04;   21.0;   13.5;   10.8;eor
         44;20210703;-999;-999;-999;    3;   1.0;   4;   12.900;-999;  -999;  15.4;    -999;   18.5;   74.33;   25.1;   11.3;    9.0;eor
         44;20210704;-999;-999;-999;    3;  16.5;   4;    2.383;-999;  -999;  18.2;    -999;   18.5;   86.42;   24.4;   14.8;   13.4;eor
         44;20210705;-999;-999;-999;    3;   1.8;   4;    5.017;-999;  -999;  16.6;    -999;   17.7;   82.75;   21.8;   15.4;   15.2;eor
         44;20210706;-999;-999;-999;    3;   0.0;   4;    5.500;-999;  -999;  16.2;    -999;   19.7;   71.42;   24.3;   13.0;    9.4;eor
         44;20210707;-999;-999;-999;    3;   0.6;   4;    8.317;-999;  -999;  15.0;    -999;   18.4;   73.17;   24.6;   11.5;    8.5;eor
         44;20210708;-999;-999;-999;    3;   0.3;   4;    6.833;-999;  -999;  17.1;    -999;   19.5;   77.33;   26.5;   15.0;   12.9;eor
         44;20210709;-999;-999;-999;    3;   0.0;   0;    6.100;-999;  -999;  16.3;    -999;   18.2;   78.92;   23.0;   12.9;   10.7;eor
         44;20210710;-999;-999;-999;    3;   0.0;   0;    6.983;-999;  -999;  15.3;    -999;   17.3;   78.71;   22.9;   11.2;    8.5;eor
         44;20210711;-999;-999;-999;    3;   6.6;   4;    7.450;-999;  -999;  17.7;    -999;   18.9;   82.67;   27.0;   12.9;   10.5;eor
         44;20210712;-999;-999;-999;    3;   0.0;   0;    3.517;-999;  -999;  20.2;    -999;   20.3;   85.67;   25.5;   14.2;   12.1;eor
         44;20210713;-999;-999;-999;    3;   1.0;   4;    1.100;-999;  -999;  21.9;    -999;   21.1;   88.13;   26.4;   17.8;   16.2;eor
         44;20210714;-999;-999;-999;    3;   4.3;   4;    0.483;-999;  -999;  22.3;    -999;   20.3;   93.79;   23.8;   18.4;   18.0;eor
         44;20210715;-999;-999;-999;    3;   0.0;   0;    0.400;-999;  -999;  -999;    -999;   18.8;-999;   23.0;   16.0;   15.0;eor
         44;20210716;-999;-999;-999;    3;   0.0;   0;    5.033;-999;  -999;  17.6;    -999;   18.7;   81.79;   23.2;   15.9;   15.7;eor
         44;20210717;-999;-999;-999;    3;   0.0;   0;   14.700;-999;  -999;  -999;    -999;   19.8;-999;   25.3;   15.0;   12.8;eor
         44;20210718;-999;-999;-999;    1;   0.0;   0;   10.683;-999;  -999;  17.2;    -999;   19.3;   78.38;   26.0;   14.7;   13.7;eor
         44;20210719;-999;-999;-999;    1;   0.0;   0;    3.850;-999;  -999;  13.7;    -999;   15.9;   76.58;   19.7;   10.7;    7.7;eor
         44;20210720;-999;-999;-999;    1;   0.0;   0;    2.683;-999;  -999;  14.4;    -999;   16.8;   76.04;   22.5;   12.2;   11.3;eor
         44;20210721;-999;-999;-999;    1;   0.0;   0;    2.900;-999;  -999;  15.7;    -999;   17.7;   79.67;   22.8;   12.0;    9.5;eor
         44;20210722;-999;-999;-999;    1;   0.2;   4;    5.833;-999;  -999;  14.4;    -999;   17.0;   76.13;   22.6;    8.9;    5.7;eor
         44;20210723;-999;-999;-999;    1;   0.0;   4;    0.050;-999;  -999;  14.5;    -999;   14.9;   86.21;   19.9;    8.3;    5.6;eor
         44;20210724;-999;-999;-999;    1;  17.7;   4;    9.583;-999;  -999;  17.0;    -999;   19.5;   77.71;   27.3;    9.8;    6.9;eor
         44;20210725;-999;-999;-999;    1;   0.0;   0;    7.417;-999;  -999;  19.8;    -999;   21.4;   79.38;   27.6;   16.2;   14.4;eor
         44;20210726;-999;-999;-999;    1;   0.0;   0;    9.267;-999;  -999;  17.9;    -999;   21.0;   74.92;   27.1;   14.1;   12.5;eor
         44;20210727;-999;-999;-999;    1;   4.0;   4;    3.717;-999;  -999;  17.6;    -999;   18.8;   82.13;   24.9;   15.5;   14.4;eor
         44;20210728;-999;-999;-999;    1;   1.3;   4;    4.683;-999;  -999;  16.3;    -999;   18.2;   79.63;   23.8;   13.4;   11.3;eor
         44;20210729;-999;-999;-999;    1;   0.2;   4;    8.583;-999;  -999;  13.2;    -999;   16.8;   69.67;   21.1;   11.4;    8.2;eor
         44;20210730;-999;-999;-999;    1;   2.3;   4;    9.267;-999;  -999;  14.1;    -999;   17.7;   70.75;   24.2;   11.0;    8.0;eor
         44;20210731;-999;-999;-999;    1;   2.7;   4;    3.633;-999;  -999;  15.6;    -999;   16.3;   84.46;   19.6;   13.6;   12.2;eor
         44;20210801;-999;-999;-999;    1;  16.6;   4;    1.350;-999;  -999;  16.3;    -999;   15.5;   92.29;   20.3;   11.5;   10.6;eor
         44;20210802;-999;-999;-999;    1;   0.4;   4;    3.450;-999;  -999;  13.5;    -999;   14.6;   82.71;   19.3;   10.8;    8.9;eor
         44;20210803;-999;-999;-999;    1;   0.0;   0;    7.350;-999;  -999;  13.4;    -999;   15.9;   76.25;   22.4;    9.1;    7.4;eor
         44;20210804;-999;-999;-999;    1;   0.0;   4;    5.867;-999;  -999;  14.4;    -999;   16.9;   76.50;   22.9;   12.5;   10.8;eor
         44;20210805;-999;-999;-999;    1;   1.1;   4;    3.883;-999;  -999;  15.9;    -999;   17.2;   82.67;   24.8;   11.2;    9.5;eor
         44;20210806;-999;-999;-999;    1;   5.1;   4;    4.550;-999;  -999;  17.2;    -999;   16.6;   90.42;   21.8;   12.2;    9.9;eor
         44;20210807;-999;-999;-999;    1;   1.4;   4;    6.133;-999;  -999;  16.1;    -999;   18.0;   79.50;   23.4;   13.5;   11.6;eor
         44;20210808;-999;-999;-999;    1;   0.2;   4;    4.917;-999;  -999;  14.7;    -999;   16.5;   79.33;   21.4;   13.0;   11.2;eor
         44;20210809;-999;-999;-999;    1;  10.6;   4;    6.817;-999;  -999;  14.9;    -999;   16.2;   82.00;   22.0;   12.6;   11.2;eor
         44;20210810;-999;-999;-999;    1;   3.3;   4;    3.500;-999;  -999;  15.5;    -999;   15.4;   88.75;   21.9;   10.1;    8.9;eor
         44;20210811;-999;-999;-999;    1;   0.0;   0;   11.717;-999;  -999;  15.1;    -999;   16.7;   81.25;   25.0;    9.5;    8.0;eor
         44;20210812;-999;-999;-999;    1;   0.0;   0;    8.833;-999;  -999;  16.8;    -999;   18.9;   79.17;   26.2;   11.7;   10.1;eor
         44;20210813;-999;-999;-999;    1;   0.0;   0;    7.233;-999;  -999;  16.6;    -999;   18.4;   79.96;   25.5;   12.2;   10.2;eor
         44;20210814;-999;-999;-999;    1;   0.0;   0;    5.833;-999;  -999;  15.4;    -999;   17.7;   77.33;   23.8;   11.9;   10.4;eor
         44;20210815;-999;-999;-999;    1;   0.2;   4;    7.933;-999;  -999;  15.8;    -999;   19.6;   70.83;   25.6;   12.9;   12.0;eor
         44;20210816;-999;-999;-999;    1;   6.1;   4;    1.533;-999;  -999;  14.6;    -999;   15.0;   85.33;   17.0;   12.0;   11.5;eor
         44;20210817;-999;-999;-999;    1;   1.4;   4;    2.500;-999;  -999;  14.1;    -999;   14.7;   83.83;   17.8;   12.1;   11.0;eor
         44;20210818;-999;-999;-999;    1;   1.0;   4;    0.750;-999;  -999;  15.2;    -999;   16.3;   82.88;   20.4;   13.2;   12.4;eor
         44;20210819;-999;-999;-999;    1;   5.8;   4;    0.033;-999;  -999;  16.7;    -999;   16.0;   91.42;   19.0;   14.9;   14.3;eor
         44;20210820;-999;-999;-999;    1;   0.1;   4;    4.800;-999;  -999;  16.7;    -999;   16.5;   89.17;   21.9;   12.8;   11.2;eor
         44;20210821;-999;-999;-999;    1;   9.1;   4;    2.717;-999;  -999;  17.4;    -999;   17.7;   86.63;   24.3;   11.7;   10.2;eor
         44;20210822;-999;-999;-999;    1;   6.9;   4;    1.317;-999;  -999;  18.5;    -999;   17.7;   91.46;   22.7;   15.3;   15.2;eor
         44;20210823;-999;-999;-999;    1;   0.0;   0;    8.317;-999;  -999;  15.3;    -999;   17.4;   79.08;   22.9;   13.5;   11.3;eor
         44;20210824;-999;-999;-999;    1;   0.0;   0;   12.650;-999;  -999;  13.0;    -999;   15.8;   76.00;   21.9;    9.5;    7.6;eor
         44;20210825;-999;-999;-999;    1;   2.2;   4;    3.083;-999;  -999;  14.6;    -999;   14.7;   87.83;   20.3;    8.1;    6.4;eor
         44;20210826;-999;-999;-999;    1;   0.1;   4;    7.500;-999;  -999;  13.8;    -999;   15.3;   80.71;   20.4;   11.5;    9.5;eor
         44;20210827;-999;-999;-999;    1;   5.5;   4;    3.883;-999;  -999;  15.2;    -999;   15.1;   88.79;   19.3;   12.1;   10.9;eor
         44;20210828;-999;-999;-999;    1;   7.4;   4;    0.000;-999;  -999;  16.2;    -999;   15.3;   93.33;   17.5;   13.6;   13.4;eor
         44;20210829;-999;-999;-999;    1;   1.4;   4;    0.567;-999;  -999;  17.0;    -999;   16.0;   93.46;   19.8;   13.8;   13.8;eor
         44;20210830;-999;-999;-999;    1;   0.0;   4;    3.300;-999;  -999;  16.4;    -999;   17.1;   84.63;   21.8;   13.0;   11.4;eor
         44;20210831;-999;-999;-999;    1;   0.0;   0;    9.667;-999;  -999;  15.1;    -999;   16.5;   82.04;   22.9;   11.4;    9.0;eor
         44;20210901;-999;-999;-999;    1;   0.0;   0;    6.800;-999;  -999;  14.3;    -999;   15.7;   81.71;   22.0;    9.7;    7.8;eor
         44;20210902;-999;-999;-999;    1;   0.0;   0;    6.217;-999;  -999;  13.4;    -999;   14.0;   84.88;   21.7;    7.7;    5.7;eor
         44;20210903;-999;-999;-999;    1;   0.0;   0;    8.650;-999;  -999;  13.6;    -999;   13.9;   86.00;   21.5;    6.6;    4.8;eor
         44;20210904;-999;-999;-999;    1;   0.0;   0;    6.467;-999;  -999;  13.1;    -999;   15.2;   77.71;   20.8;    7.8;    5.7;eor
         44;20210905;-999;-999;-999;    1;   0.0;   0;    6.167;-999;  -999;  13.1;    -999;   13.2;   88.08;   21.8;    7.2;    4.9;eor
         44;20210906;-999;-999;-999;    1;   0.0;   0;    7.417;-999;  -999;  12.8;    -999;   14.2;   81.38;   23.0;    5.9;    4.3;eor
         44;20210907;-999;-999;-999;    1;   0.0;   0;    7.283;-999;  -999;  14.5;    -999;   16.3;   81.00;   25.1;    9.3;    7.4;eor
         44;20210908;-999;-999;-999;    1;   0.0;   0;   12.017;-999;  -999;  14.1;    -999;   16.9;   77.17;   26.0;    9.2;    7.3;eor
         44;20210909;-999;-999;-999;    1;   2.8;   4;   11.617;-999;  -999;  16.5;    -999;   19.0;   77.96;   27.9;   10.0;    7.6;eor
         44;20210910;-999;-999;-999;    1;  12.9;   4;    1.567;-999;  -999;  20.5;    -999;   19.4;   90.71;   25.6;   17.0;   16.3;eor
         44;20210911;-999;-999;-999;    1;   0.5;   4;    1.683;-999;  -999;  18.9;    -999;   18.2;   90.71;   20.9;   15.9;   14.6;eor
         44;20210912;-999;-999;-999;    1;   0.0;   0;    5.983;-999;  -999;  16.8;    -999;   17.4;   85.33;   21.6;   12.6;   10.4;eor
         44;20210913;-999;-999;-999;    1;   0.0;   0;    1.967;-999;  -999;  14.7;    -999;   14.7;   88.92;   20.2;    8.9;    7.2;eor
         44;20210914;-999;-999;-999;    1;   0.4;   4;   10.000;-999;  -999;  15.2;    -999;   15.8;   84.71;   23.1;    8.0;    6.2;eor
         44;20210915;-999;-999;-999;    1;   6.4;   4;    0.867;-999;  -999;  19.1;    -999;   17.7;   94.08;   21.0;   15.1;   14.5;eor
         44;20210916;-999;-999;-999;    1;   0.6;   4;    2.883;-999;  -999;  15.0;    -999;   15.5;   85.71;   19.0;   13.0;   12.1;eor
         44;20210917;-999;-999;-999;    1;   0.0;   0;    4.133;-999;  -999;  14.2;    -999;   14.3;   87.79;   19.0;    7.4;    5.6;eor
         44;20210918;-999;-999;-999;    1;   0.0;   0;    2.050;-999;  -999;  13.6;    -999;   13.5;   87.63;   18.4;    6.4;    4.4;eor
         44;20210919;-999;-999;-999;    1;   0.0;   0;    0.000;-999;  -999;  12.1;    -999;   12.4;   84.58;   15.3;    8.3;    5.6;eor
         44;20210920;-999;-999;-999;    1;   0.0;   0;    0.267;-999;  -999;  10.7;    -999;   11.5;   80.04;   16.0;    5.4;    3.2;eor
         44;20210921;-999;-999;-999;    1;   0.0;   0;    1.567;-999;  -999;  12.0;    -999;   12.6;   82.71;   17.2;    7.0;    7.1;eor
         44;20210922;-999;-999;-999;    1;   0.0;   0;    6.317;-999;  -999;  13.7;    -999;   13.9;   87.50;   20.0;   10.2;    7.5;eor
         44;20210923;-999;-999;-999;    1;   1.7;   4;    0.867;-999;  -999;  13.8;    -999;   13.9;   86.54;   17.4;   10.6;    8.2;eor
         44;20210924;-999;-999;-999;    1;   0.0;   4;    0.833;-999;  -999;  15.6;    -999;   15.7;   87.13;   19.4;   10.9;    9.1;eor
         44;20210925;-999;-999;-999;    1;   0.0;   0;    0.667;-999;  -999;  17.6;    -999;   17.7;   86.88;   20.8;   15.9;   15.4;eor
         44;20210926;-999;-999;-999;    1;   0.0;   0;    6.017;-999;  -999;  17.4;    -999;   17.7;   86.75;   23.6;   12.2;    9.9;eor
         44;20210927;-999;-999;-999;    1;   4.1;   4;    5.233;-999;  -999;  16.6;    -999;   16.8;   87.54;   22.0;   11.2;    8.7;eor
         44;20210928;-999;-999;-999;    1;   0.0;   4;    9.533;-999;  -999;  12.4;    -999;   12.5;   87.04;   18.8;    6.6;    4.9;eor
